34. 병사 배치하기 (p. 380)

7
15 11 4 8 5 2 4
# 15 11 (4) 8 5 (2) 4
# armys: [[1, 2, 3, 6], [1, 2, 4, 5, 6], [1, 2, 3, 7], [1, 2, 4, 5, 7]]
# 2

9
4 3 2 10 9 8 7 6 5
# (4 3 2) 10 9 8 7 6 5
# armys: [[1, 2, 3], [4, 5, 6, 7, 8, 9]]
# 3

11
8 7 6 5 10 9 4 3 2 10 1
# 8 7 6 5 (10 9) 4 3 2 10 1
# armys: [[1, 2, 3, 4, 7, 8, 9, 11], [5, 6, 7, 8, 9, 11], [10, 11]]
# 3

13
8 7 6 5 10 9 4 8 7 6 5 4 3
# (8 7 6 5) 10 9 (4) 8 7 6 5 4 3
# armys: [[1, 2, 3, 4, 7, 13], [5, 6, 7, 13], [5, 6, 8, 9, 10, 11, 12, 13], [1, 9, 10, 11, 12, 13], [5, 6, 9, 10, 11, 12, 13], [1, 2, 10, 11, 12, 13], [5, 6, 10, 11, 12, 13], [1, 2, 3, 11, 12, 13], [5, 6, 11, 12, 13]]
# 5

10
8 7 6 5 10 9 4 3 2 1
# 8 7 6 5 (10 9) 4 3 2 1
# armys: [[1, 2, 3, 4, 7, 8, 9, 10], [5, 6, 7, 8, 9, 10]]
# 2

11
10 9 8 6 10 9 7 6 5 4 3
# 10 9 8 (6 10 9) 7 6 5 4 3
# armys: [[1, 2, 3, 4, 9, 10, 11], [5, 6, 7, 8, 9, 10, 11], [1, 6, 7, 8, 9, 10, 11], [1, 2, 3, 7, 8, 9, 10, 11]]
# 3